2.7388 2.4670
3.6384 24.5927
8.7844 10.6871
11.2892 2.6507
19.6054 16.8974
25.8811 8.0084
33.3780 3.4593
43.3384 9.1784
46.2163 19.0238
47.3548 17.2323
55.8328 2.4471
60.0882 1.4956
60.7434 11.2697
68.4218 12.0182
68.5855 8.1084
70.4307 6.0102
72.7153 1.3729
75.1113 14.3431
80.5883 19.4125
90.3511 18.1102
97.8430 7.1349
101.0268 7.6361
107.2454 6.2390
116.3251 1.7595
121.6605 21.4984
126.9861 12.7225
133.4377 10.0616
141.4507 9.6894
150.2640 21.5524
154.1471 24.9565
163.0784 23.9492
172.2447 12.3279
173.0574 22.8647
173.6316 19.0945
179.2535 5.5698
184.7606 23.8030
190.9555 6.2745
200.4260 5.0256
200.5650 22.2527
205.7671 17.6058
208.1635 21.0320
210.4348 18.0509
218.9224 15.3343
227.9540 9.3745
230.4761 11.9167
232.1588 20.9174
241.2872 24.4420
249.2442 14.5648
250.4246 4.0302
252.8030 20.0261
256.5938 15.5701
263.5607 8.3969
268.7178 5.0341
278.0610 3.0989
278.1877 2.9723
281.4533 7.1109
284.7317 22.8856
285.6248 7.1387
285.6866 18.9891
293.7013 24.1526
303.6481 24.1642
307.3246 10.0625
310.6378 20.1107
311.4815 14.6697
320.3446 18.6701
326.7943 15.9900
332.4731 24.3111
336.6110 0.4531
341.8605 6.2377
350.6130 8.5424
359.6167 21.0481
367.7884 19.3669
372.3824 16.6363
375.0018 12.9653
384.5417 2.4295
386.5845 5.0650
393.0889 6.6726
394.1722 4.9903
395.8895 16.6712
399.0871 1.1224
407.4454 24.7933
408.4703 10.7673
417.7299 10.7114
424.6991 22.3767
427.0056 10.1728
431.4238 7.1673
436.2789 22.6560
439.6380 3.2466
447.9529 20.6608
453.6868 14.3944
459.1031 23.4539
468.6316 8.6101
476.2365 7.6477
483.2087 0.7634
485.3300 9.0151
486.1855 14.9351
492.0770 16.8469
493.8769 4.1308
502.0673 9.7773
509.4797 21.6816
0 0

